5.358015187084674835e-07,1.117587089538574177e-09
1.117587089538574177e-09,4.960992373526096386e-07
