2.951128408312797712e-10,6.926711648702621150e-11
6.926711648702621150e-11,1.894490560516715071e-07
