3.455020487308502367e-07,1.005828380584716863e-09
1.005828380584716863e-09,3.728084266185760604e-07
