3.570807166397571775e-08,6.286427378654480394e-11
6.286427378654480394e-11,8.050701580941676564e-08
