2.520158886909484744e-08,3.958120942115783588e-10
3.958120942115783588e-10,1.345295459032058610e-07
